[General]
size=@Size(306 287)
pos=@Point(804 361)
aaa_discount_edit=10
lbms_discount_edit=15
lodging_tax_edit=2.5
sales_tax_edit=15.25
soe_commission_edit=17
soe_discount_edit=10
aaa_rate_edit=106.155
aaa_total_edit=124.84363750000001
lbms_rate_edit=100.25750000000001
lbms_total_edit=118.04676875000001
rack_rate_edit=117.95
rack_total_edit=138.437375
soe_rate_edit=88.10865
soe_total_edit=104.045219125
